# units Angstroms
6967.35
7069.17
7149.01
7274.94
7386.01
7505.93
7516.72
7637.21
7725.89
7950.36
8008.36
8016.99
8105.92
8117.54
8410.52
8426.96
8523.78
8670.33
9125.47
9227.03
9660.43
9787.18
10472.92
10676.49
11491.2
11671.9
12406.2 100
12442.7 300  
12491.1 200
12705.7 100
12806.2 200
12960.2 500   
13011.8 200
13276.3 500   
13316.8 800   
13370.8 1000   
13507.9 1000   
13626.4 400
13722.3 1000   
14097.5 150   
14260.8 13   
15050.6 100  
15176.8
15306.1
15904.0
15993.9
16441.1
16524.4
16744.6
16945.2
17449.7
17919.6
18434.5
19822.9
19971.2
20621.9
20991.8
21338.3
21540.1 
23139.5 20 
23851.5 1 
23973.1 20
25132.1 25   

