# Wed 17:51:46 22-Aug-2007
begin	HKl1_060714
	task	fitcoords
	axis	1
	units	angstroms
	surface	28
		1.
		4.
		5.
		1.
		1.
		1024.
		1.
		1024.
		18927.89964142658
		4928.055377998808
		18.20571083533807
		-28.56882253849738
		-20.63624972683445
		-52.35214075474765
		-33.19648420176711
		-17.91281215461125
		11.53827848057132
		-42.79719348510263
		-11.77749089826094
		-7.949650366032435
		-3.720272011091165
		-4.217729545807562
		-5.214611174322402
		-2.855032319228931
		2.700155296963671
		3.97977916020161
		3.597727997218429
		1.233775033459925
