# Wed 16:50:49 22-Aug-2007
begin	HKl0p75_060121
	task	fitcoords
	axis	1
	units	angstroms
	surface	32
		1.
		6.
		4.
		1.
		1.
		1024.
		1.
		1024.
		18950.31151356052
		4964.40622801589
		41.2152771782827
		-16.4231394746825
		-0.5098161374282033
		-0.5273574078280707
		5.570626027817225
		0.9396025168130414
		2.487905224943835
		0.503795327801403
		-0.6984903601098294
		-1.296348667980082
		19.13098680755498
		-29.05326000166386
		-1.768527885607047
		-0.635209965342672
		-0.6193672211864289
		9.973732375378057E-4
		-1.53531920475168
		0.902246892841932
		-2.108297749432562
		-1.58045051283363
		-1.485232383810308
		-0.6334736461616738
