# Wed 17:40:55 22-Aug-2007
begin	HKl1_060112
	task	fitcoords
	axis	1
	units	angstroms
	surface	28
		1.
		5.
		4.
		1.
		1.
		1024.
		1.
		1024.
		18948.69337044231
		4962.429569752066
		40.13843165122522
		-16.44562593848317
		-1.305448267911837
		2.73900777551942
		-4.062919435205991
		0.1168044423498578
		0.03408063931404796
		0.8342418459199974
		21.5875111544977
		-21.09013736842381
		2.245337683828311
		2.556201218397969
		1.128173981431144
		1.440414429880561
		5.340800762077765
		2.576498193805617
		1.79222651143738
		0.7357899076400986
