# Wed 16:32:45 22-Aug-2007
begin	HKl0p75_050123
	task	fitcoords
	axis	1
	units	angstroms
	surface	28
		1.
		5.
		4.
		1.
		1.
		1024.
		1.
		1024.
		18980.00432875894
		4972.888546085155
		49.52949089687192
		-10.82235004607996
		1.056983593464871
		2.486106673918095
		-1.813576126479501
		-1.252931184932721
		1.370277181965187
		0.276161868160474
		1.429890338558484
		-53.4055194010452
		-23.59130565043045
		-12.81875266834983
		-5.80111171735875
		6.472457870658791
		13.17039416181278
		5.912449558807011
		3.59609632854126
		-0.006127547711654351
