# Wed 17:57:04 22-Aug-2007
begin	HKl1_070103
	task	fitcoords
	axis	1
	units	angstroms
	surface	33
		1.
		5.
		5.
		1.
		1.
		1024.
		1.
		1024.
		18886.60005187237
		4963.888437279623
		56.23973905625694
		0.3435033745360924
		8.163347391311356
		4.534059400815112
		-0.6787715500221858
		3.861338948901406
		2.390444863824761
		1.463910458979322
		2.157870822931297
		-47.33854768035446
		-7.433805248436533
		1.591480943627416
		0.54403874615261
		13.77445487944006
		22.62350769267882
		11.00951168719501
		0.932745737944861
		-2.006220913936488
		4.036350834685701
		8.680178577438898
		5.156320132591218
		0.1284074863055867
		-4.035309876442109
