# Wed 17:27:27 22-Aug-2007
begin	HKl1_060107
	task	fitcoords
	axis	1
	units	angstroms
	surface	28
		1.
		5.
		4.
		1.
		1.
		1024.
		1.
		1024.
		18950.51220148353
		4965.027068059463
		43.27193389680006
		-15.27686186161154
		-1.091031827712756
		2.220041304133565
		-4.5844122893844
		-0.1958913455757711
		-0.3862191210700854
		0.09101609297497386
		19.86409974655615
		-24.98578790596442
		-0.4256520953445062
		0.4420342870781222
		-0.5707085152865421
		-0.8870009065035795
		-0.1878639398022916
		-1.04890158833513
		-0.6665343679803891
		-0.3792924218267979
