## derivado a partir de r1062
# Tue 14:09:01 20-May-2003
begin	HKspt_030201
	task	fitcoords
	axis	1
	surface	44
		1.
		6.
		6.
		1.
		1.
		1024.
		1.
		1024.
		512.2529453922961
		508.3135042505352
		-0.1433458608828259
		-0.2523315002019605
		-0.05103064968594638
		-0.07707531399209983
		0.09595873039694669
		0.8270514329516322
		-0.2080278480267558
		-0.1933389060063571
		-0.09298639494459205
		-0.03960201891088201
		-0.2726816140509091
		-3.202347894632264
		-0.2254879849066484
		-0.3005762839536436
		-0.09727782672032772
		-0.07312067222211757
		-0.1199236196791007
		-0.3282424785680214
		-0.2650989692112457
		-0.2622289584850989
		-0.1135373765983442
		-0.0694339871716167
		0.01473254343565117
		0.008407087643591646
		-0.01304110608261011
		-0.0245648780131585
		-0.005474271663192185
		5.623825819597999E-4
		-0.0581160912306265
		-0.1897600347793146
		-0.1138504391868035
		-0.1324602384920132
		-0.05118137449747862
		-0.04954858761502684
