# Wed 17:22:16 22-Aug-2007
begin	HKl1_050706
	task	fitcoords
	axis	1
	units	angstroms
	surface	28
		1.
		5.
		4.
		1.
		1.
		1024.
		1.
		1024.
		19096.41357710382
		5179.077940299255
		150.9542441761042
		12.4258249787136
		-1.004926168849335
		11.54204100153706
		28.24207625833592
		46.5873362738712
		36.57326027798522
		4.012818344409504
		-5.724414514302312
		-63.87361384003545
		-18.66367518359149
		-0.5695869092222355
		5.308357346608858
		4.589035915284082
		10.61941034233941
		9.87365314809063
		6.250154403351968
		-0.2696052203374468
