# Wed 06:34:44 10-Mar-2004
begin	HKl0p75_040301
	task	fitcoords
	axis	1
	units	angstroms
	surface	28
		1.
		5.
		4.
		1.
		1.
		1024.
		1.
		1024.
		18979.73720796483
		4964.67919386461
		42.58915594064455
		-14.84963467109192
		-0.3992936594946515
		5.381536609619921
		-9.049096224298443
		-0.933688533340916
		-0.3283569327340047
		-0.4387031486804554
		19.98402833514484
		-26.88216806721499
		-0.9607792074593035
		-0.2750600453612166
		-0.2876546396907243
		-1.959821495237406
		-0.8038226728071467
		-0.8658980826270784
		-0.3518682287888585
		-0.3044581546844099
