# Wed 16:40:29 22-Aug-2007
begin	HKl0p75_050706
	task	fitcoords
	axis	1
	units	angstroms
	surface	28
		1.
		5.
		4.
		1.
		1.
		1024.
		1.
		1024.
		18966.55291321776
		4967.265585220327
		41.39877341355092
		-15.43067548933041
		0.2521323119766158
		3.659265414713165
		-6.32395614573414
		-0.9046321938249038
		-3.752927080387587
		-3.025577304437961
		3.935715765236058
		-53.86241043198571
		-20.99781406444736
		-10.01477487236571
		-3.81922389478523
		9.174248075352441
		16.37740157713468
		12.69935251359615
		4.77722053256363
		0.07140427821184137
