# FICHERO EXTRAIDO DE IMAGEN r1090 del dia .....
# Fri 14:41:22 23-May-2003
begin	ZJspt_030201
	task	fitcoords
	axis	1
	surface	44
		1.
		6.
		6.
		1.
		1.
		1024.
		1.
		1024.
		511.9031784751872
		506.1734476588486
		-0.9091440544859262
		-1.763110286909959
		-0.6991162777847459
		-0.5450194296147422
		-0.8082261477379219
		-7.370445787196546
		-1.917305840419969
		-3.847043404855386
		-1.251627545670443
		-0.9761023908391052
		-1.781235508947156
		-8.870269993230246
		-2.757115982197582
		-4.364159266882205
		-1.525615450647831
		-1.369946049270825
		-1.924585268917254
		-5.633211479523755
		-3.204525662816539
		-4.336952034620697
		-1.6219990707496
		-1.511912940230375
		-1.369203403808831
		-4.135297446453764
		-2.217364223267018
		-2.943228947228076
		-1.032746920762581
		-0.9719522614834179
		-0.6408760420807207
		-2.395378700881552
		-1.017065281723336
		-1.561669913047239
		-0.4671321316913171
		-0.4751861517260293
