# Tue 13:34:22 15-Feb-2005
begin	ZJl0p75_041010
	task	fitcoords
	axis	1
	units	angstroms
	surface	28
		2.
		5.
		4.
		1.
		1.
		1024.
		1.
		1024.
		11993.90395415867
		3131.217665583223
		50.96126331987511
		-14.86379661542235
		1.423849171613488
		1.401880316161283
		-3.739509776597873
		-0.1041585237154892
		0.1007025429251033
		0.01753756903340596
		17.18966092473431
		-22.02542279743525
		-0.9584639925360905
		-0.2609007281510573
		-0.01223497444094369
		-1.226888241226543
		0.2006691647245432
		0.1049242481766075
		0.007662637865961906
		-0.07041143224410028
