# Wed 09:59:30 22-Aug-2007
begin	ZJl0p75_050323
	task	fitcoords
	axis	1
	units	angstroms
	surface	26
		1.
		6.
		3.
		1.
		1.
		1024.
		1.
		1024.
		12021.50791960967
		3147.290116452255
		56.20170599379788
		3.620157870656846
		5.785397318640942
		1.81358008242225
		2.048072001792067
		-0.5494958938266973
		1.050706009666642
		2.479837779260622
		0.4762414293345685
		2.044284562043277
		12.84736709079902
		-17.84135272798118
		-0.8499992831009501
		-1.446581191501227
		-0.274051697220902
		-0.8282163437340686
