# Thu 17:38:34 06-Mar-2003
begin	ZJl0p75_030201
	task	fitcoords
	axis	2
	units	angstroms
	surface	28
		1.
		4.
		5.
		1.
		1.
		1024.
		1.
		1024.
		12280.66174155889
		5.135788653020718
		10.99991961114729
		-0.462176236456713
		-3116.369258245594
		6.485451679822597
		15.0319471940708
		0.07668202284900558
		41.6996918465517
		0.5267824732139386
		-1.668662717106153
		0.02366986647773569
		8.887148611615183
		0.5300770684174366
		-0.6737743707212922
		0.1723575682041071
		1.688964780941926
		0.3872782659298048
		-0.5058221532580561
		0.08237348485737603
