# Tue 20:44:18 23-Mar-2004
begin	ZJl0p75_040301
	task	fitcoords
	axis	1
	units	angstroms
	surface	28
		1.
		5.
		4.
		1.
		1.
		1024.
		1.
		1024.
		12014.76766516742
		3119.337287893054
		37.75550785382681
		-9.599252718058163
		0.2563073528613526
		4.443219161730275
		-4.055078475059355
		0.9217319111645169
		0.6714226664919765
		0.3817936552166284
		12.34977142227905
		-17.07456916222086
		-0.9677041697374541
		-0.4592985168036026
		-0.2121364025359477
		-0.8648899614503772
		-0.009403644935893032
		-0.05789127656329836
		-0.1116603300325149
		0.01682349078944402
