# Tue 14:06:24 15-Feb-2005
begin	ZJl1_041010
	task	fitcoords
	axis	1
	units	angstroms
	surface	28
		2.
		5.
		4.
		1.
		1.
		1024.
		1.
		1024.
		11992.63403756792
		3131.254855293223
		51.4881374573501
		-14.69654250502456
		0.7998067042031244
		1.088635896149023
		-3.731496118735355
		0.003607565950391829
		0.1646748004957736
		-0.1536462592123459
		16.41414677586548
		-22.01333096758385
		-1.137103246435655
		-0.3695922476085111
		0.2035001341901065
		-0.1516993734210424
		0.1283751678941197
		0.05059018830687147
		-0.05542275080308757
		0.05011200269080198
