# Thu 10:25:30 24-Feb-2005
begin	lgdist_041008
	xrefmean	511.0084505511806
	yrefmean	512.8755503599549
	xmean		511.5400663667038
	ymean		513.0521653543306
	geometry	general
	function	polynomial
	xshift		-3.60190136664952
	yshift		-2.923756108012299
	xmag		1.007310027097331
	ymag		1.006897743349945
	xrotation	0.04865989248379777
	yrotation	0.04418199497285667
	xrms		0.1001797408386018
	yrms		0.1922527823596975
	surface1	11
			3.	3.
			2.	2.
			2.	2.
			0.	0.
			1.	1.
			1024.	1024.
			1.	1.
			1024.	1024.
			-3.60190136664952	-2.923756108012299
			1.007309663826807	-8.554834604000944E-4
			7.764402021245839E-4	1.006897443985148
	surface2	23
			3.	3.
			5.	5.
			5.	5.
			2.	2.
			1.	1.
			1024.	1024.
			1.	1.
			1024.	1024.
			-3.100074844056166	-3.603914094413722
			0.01908121436000965	0.01539910470926539
			-4.112202253901118E-5	-1.824343802119863E-5
			2.703501390129667E-8	7.167775338110202E-9
			2.956860437777542E-12	-6.275485242025692E-12
			0.014815743924136	0.02519664648139517
			-2.923134856200459E-5	-3.562654718289198E-5
			-3.652037094688638E-9	3.704809236796296E-8
			4.544208446386269E-13	8.257224561731952E-13
			-1.425770072177537E-5	-5.613187097754133E-5
			3.031843150864721E-8	7.820193820675523E-9
			2.948746274810369E-12	-4.880132734356612E-12
			-2.498117281174025E-9	4.176028125384908E-8
			2.435496697346138E-13	-2.613340204492364E-12
			1.358805781084728E-12	-3.545587211471676E-12
