# Mon 14:07:00 13-Nov-2006
begin  	lgdistpol0_041001
	xrefmean	472.7085
	yrefmean	112.4317
	xmean		472.4534
	ymean		101.2702
	geometry	general
	function	polynomial
	xshift		-7.768516
	yshift		-17.2057
	xmag		1.016903
	ymag		1.042088
	xrotation	359.8582
	yrotation	359.95
	xrms		0.08759142
	yrms		0.1851474
	surface1	11
			3.	3.
			2.	2.
			2.	2.
			0.	0.
			1.	1.
			943.	943.
			1.	1.
			209.	209.
			-7.768516	-17.2057
			1.0169	0.002517291
			-9.102381E-4	1.042087
	surface2	17
			3.	3.
			4.	3.
			3.	3.
			2.	2.
			1.	1.
			943.	943.
			1.	1.
			209.	209.
			0.5083329	3.05364
			0.01157927	-0.0159603
			-4.467371E-5	1.741183E-5
			3.533514E-8	-0.01331538
			-0.008975334	1.479256E-6
			1.812205E-5	5.338803E-5
			-3.399443E-9	0.
			-2.802060E-5	0.
			6.973604E-8	0.
