# Mon 14:09:57 13-Nov-2006
begin   lgdistpol135_041001
	xrefmean	472.7085
	yrefmean	112.4317
	xmean		473.4194
	ymean		109.434
	geometry	general
	function	polynomial
	xshift		-5.119591
	yshift		-2.86088
	xmag		1.012498
	ymag		0.9908481
	xrotation	359.8908
	yrotation	359.9512
	xrms		0.06416108
	yrms		0.1888844
	surface1	11
			3.	3.
			2.	2.
			2.	2.
			0.	0.
			1.	1.
			943.	943.
			1.	1.
			209.	209.
			-5.119591	-2.86088
			1.012496	0.001928845
			-8.438885E-4	0.9908478
	surface2	17
			3.	3.
			4.	3.
			3.	3.
			2.	2.
			1.	1.
			943.	943.
			1.	1.
			209.	209.
			-1.074755	-0.9786147
			0.01417389	0.005971976
			-4.256929E-5	-6.613139E-6
			3.394729E-8	0.00156556
			0.00633743	1.954716E-6
			-1.308593E-5	-1.014011E-5
			-3.055498E-9	0.
			-2.073193E-5	0.
			4.217517E-8	0.
