# Mon 09:45:00 11-Oct-2004
begin	lgdist_040930
	xrefmean	509.0193822811061
	yrefmean	504.9642386981567
	xmean		509.5517062211984
	ymean		505.1433813364064
	geometry	general
	function	polynomial
	xshift		-3.157479055482339
	yshift		-4.004816161122961
	xmag		1.00818902845674
	ymag		1.00758769400391
	xrotation	359.9606255552336
	yrotation	359.9461214615362
	xrms		0.1477755925592006
	yrms		0.2335941159731997
	surface1	11
			3.	3.
			2.	2.
			2.	2.
			0.	0.
			1.	1.
			1024.	1024.
			1.	1.
			1024.	1024.
			-3.157479055482339	-4.004816161122961
			1.008188790391727	6.928412603492708E-4
			-9.474929006564327E-4	1.007587248512664
	surface2	23
			3.	3.
			5.	5.
			5.	5.
			2.	2.
			1.	1.
			1024.	1024.
			1.	1.
			1024.	1024.
			-3.218666573209085	-3.734325672111331
			0.0197315232727345	0.01607461851929388
			-4.250568144844823E-5	-2.057423791402809E-5
			2.801250409569205E-8	1.030089602720906E-8
			2.865853346151670E-12	-7.526055877628678E-12
			0.014597144428661	0.02503715955618571
			-2.864598419666126E-5	-3.606246551284148E-5
			-2.156187097428350E-9	3.793645359956893E-8
			-6.639196983530609E-13	-2.477131889196732E-13
			-1.391651939371246E-5	-5.462725189404742E-5
			2.723681487351360E-8	7.277689019059754E-9
			3.285331688321738E-12	-3.894974346396242E-12
			-1.673195959245988E-9	3.987018471986874E-8
			2.081215903467453E-12	-2.607988054494515E-12
			4.700373465545764E-13	-2.611279197207556E-12
