# Tue 11:47:18 07-Oct-2003
begin   lgdist_020101_1024
        xrefmean        487.0052
        yrefmean        453.797
        xmean           486.5917
        ymean           454.36
        geometry        general
        function        polynomial
        xshift          3.541466
        yshift          5.418274
        xmag            0.9914406
        ymag            0.9881002
        xrotation       359.9574
        yrotation       0.01523721
        xrms            0.4251281
        yrms            0.2974632
        surface1        11
                        3.      3.
                        2.      2.
                        2.      2.
                        0.      0.
                        1.      1.
                        1024.   1024.
                        1.      1.
                        1024.   1024.
                        3.541466        5.418274
                        0.9914404       7.364750E-4
                        2.627748E-4     0.9881001
        surface2        18
                        3.      3.
                        4.      4.
                        4.      4.
                        2.      2.
                        1.      1.
                        1024.   1024.
                        1.      1.
                        1024.   1024.
                        7.550483        7.696569
                        -0.02088898     -0.03512103
                        2.155148E-5     3.972202E-5
                        -1.590129E-8    -5.930588E-9
                        -0.03816929     -0.03598401
                        7.303182E-5     5.048991E-5
                        -6.370325E-9    -5.666882E-8
                        4.628298E-5     7.719049E-5
                        -5.953786E-8    7.409959E-9
                        -1.612420E-8    -5.587108E-8

