# Fri 09:37:59 08-Oct-2004
begin	lgdist_040301
	xrefmean	508.2641035903336
	yrefmean	519.3720514959723
	xmean		508.7429815880319
	ymean		519.7570161104719
	geometry	general
	function	polynomial
	xshift		-3.735983491980511
	yshift		-2.849281869740367
	xmag		1.007587975715381
	ymag		1.007121740519126
	xrotation	0.05203529106687392
	yrotation	0.03820490262906171
	xrms		0.1018247430631944
	yrms		0.16500819991733
	surface1	11
			3.	3.
			2.	2.
			2.	2.
			0.	0.
			1.	1.
			1024.	1024.
			1.	1.
			1024.	1024.
			-3.735983491980511	-2.849281869740367
			1.007587560184158	-9.150783326445747E-4
			6.715500776468203E-4	1.007121516623872
	surface2	23
			3.	3.
			5.	5.
			5.	5.
			2.	2.
			1.	1.
			1024.	1024.
			1.	1.
			1024.	1024.
			-3.020534158021765	-3.046861519272725
			0.01870149985380876	0.01317971353996718
			-4.093551846459843E-5	-1.471176848204719E-5
			2.724374445219264E-8	5.406162565673263E-9
			2.614533280710284E-12	-5.963645040670064E-12
			0.01539106533637407	0.02032102944774167
			-2.845985181519164E-5	-2.757664116805233E-5
			-4.340063606380139E-9	2.835605842255104E-8
			1.055739186389498E-12	3.265564781746461E-12
			-1.838287580806694E-5	-4.293504894757786E-5
			3.148960738890409E-8	-2.522044336591739E-9
			2.428291273155067E-12	6.094923163355851E-13
			3.860658704643084E-9	2.639303835820424E-8
			-2.488217467431698E-13	1.075312541666405E-12
			-1.852493968255286E-12	3.435411870754879E-12
