# Mon 14:08:49 13-Nov-2006
begin   lgdist90_041001
	xrefmean	472.7085
	yrefmean	112.4317
	xmean		473.4041
	ymean		113.3392
	geometry	general
	function	polynomial
	xshift		-5.337043
	yshift		0.9000008
	xmag		1.012697
	ymag		0.9907216
	xrotation	359.8805
	yrotation	359.9889
	xrms		0.06041154
	yrms		0.1641512
	surface1	11
			3.	3.
			2.	2.
			2.	2.
			0.	0.
			1.	1.
			943.	943.
			1.	1.
			209.	209.
			-5.337043	0.9000008
			1.012695	0.002111556
			-1.913532E-4	0.9907216
	surface2	17
			3.	3.
			4.	3.
			3.	3.
			2.	2.
			1.	1.
			943.	943.
			1.	1.
			209.	209.
			-0.3457103	1.264949
			0.01266443	-0.006758559
			-4.238719E-5	7.074603E-6
			3.400350E-8	-0.003878807
			-0.001831264	1.983456E-6
			3.987268E-6	1.283940E-5
			-4.399097E-9	0.
			-1.877643E-5	0.
			3.982234E-8	0.
