# Mon 14:11:09 13-Nov-2006
begin	lgdistpol45_041001
	xrefmean	472.7085
	yrefmean	112.4317
	xmean		473.3517
	ymean		118.8805
	geometry	general
	function	polynomial
	xshift		-6.399599
	yshift		1.713354
	xmag		1.015688
	ymag		1.036869
	xrotation	359.9129
	yrotation	359.9783
	xrms		0.09953721
	yrms		0.2120899
	surface1	11
			3.	3.
			2.	2.
			2.	2.
			0.	0.
			1.	1.
			943.	943.
			1.	1.
			209.	209.
			-6.399599	1.713354
			1.015687	0.001543712
			-3.926247E-4	1.036868
	surface2	17
			3.	3.
			4.	3.
			3.	3.
			2.	2.
			1.	1.
			943.	943.
			1.	1.
			209.	209.
			-2.337011	-3.135407
			0.01779531	0.01524159
			-4.455968E-5	-1.649172E-5
			3.550676E-8	0.01679563
			0.01706535	1.470370E-6
			-3.557699E-5	-7.678777E-5
			-8.228912E-9	0.
			-2.975819E-5	0.
			6.806826E-8	0.
