# Wed 22:10:27 26-May-2010
begin	identify arczj_l0p751D - Ap 400
	id	arczj_l0p751D
	task	identify
	image	arczj_l0p751D - Ap 400
	aperture	400
	aplow	376.
	aphigh	425.
	units	Angstroms 
	features	19
	         39.59 9125.59355    9125.47   4.0 1 1 
	         57.34 9227.17188    9227.03   4.0 1 1 
	        132.16  9660.2752    9660.43   4.0 1 1 
	        153.77  9786.7487    9787.18   4.0 1 1 
	        269.41 10473.0434   10472.92   4.0 1 1 
	        349.08 10953.8745   10953.74   4.0 1 1 
	        437.15 11491.5541    11491.2   4.0 1 1 120
	        466.49  11671.933    11671.9   4.0 1 1 200
	        590.98 12442.7486    12442.7   4.0 1 1 300
	        633.20 12705.8772    12705.7   4.0 1 1 100
	        649.24  12806.021    12806.2   4.0 1 1 200
	        673.84 12959.7343    12960.2   4.0 1 1 500
	        724.36 13276.0432    13276.3   4.0 1 1 500
	        739.44  13370.592    13370.8   4.0 1 1 1000
	        761.30  13507.738    13507.9   4.0 1 1 1000
	        780.23  13626.561    13626.4   4.0 1 1 400
	        795.47  13722.291    13722.3   4.0 1 1 1000
	        855.27 14098.2668    14097.5   4.0 1 1 150
	       1006.55 15050.4027    15050.6   4.0 1 1 100
	function legendre
	order 5
	sample *
	naverage 1
	niterate 0
	low_reject 3.
	high_reject 3.
	grow 0.
	coefficients	9
		2.
		5.
		39.58663558959961
		1006.549621582031
		12042.95409872306
		2974.54606108038
		44.12188969176952
		-12.14146498678334
		0.9221584199549726

