# Sat 07:38:29 28-Nov-2009
begin	identify HR_H[*,400]
	id	HR_H
	task	identify
	image	HR_H[*,400]
	units	Angstroms 
	features	14
	          5.98 15176.7739    15176.8   4.0 1 1 25
	         57.66 15306.0354    15306.1   4.0 1 1 40
	         68.63 15333.5846    15333.5   4.0 1 1 9
	         97.67 15406.8109    15406.8   4.0 1 1 6
	        292.14 15904.3208     15904.   4.0 1 1 10
	        326.66 15993.7373    15993.9   4.0 1 1 25
	        377.79 16126.6437    16127.1   4.0 1 1 1
	        399.99 16184.5001    16184.4   4.0 1 1 4
	        498.13 16441.2558    16441.1   4.0 1 1 13
	        529.76  16524.251    16524.4   4.0 1 1 30
	        541.10 16554.0301    16553.8   4.0 1 1 8
	        613.63 16744.7041    16744.6   4.0 1 1 9
	        689.75 16945.0338    16945.2   4.0 1 1 500
	        881.89 17449.7187    17449.7   4.0 1 1 11
	function legendre
	order 4
	sample *
	naverage 1
	niterate 0
	low_reject 3.
	high_reject 3.
	grow 0.
	coefficients	8
		2.
		4.
		5.976683139801025
		881.8862915039062
		16303.94242306308
		1140.081394302739
		9.303872500624738
		-3.609035993258938

